Run semi-empirical minimization
 &qmmm
    qm_theory='AM1', grms_tol=0.0005,
 scfconv=1.d-10, ndiis_attempts=700,   qmcharge=0,
 /
   6     C       -0.0740       -2.5040       -0.3970 
   6    C1       -1.0360       -1.5680       -0.1140 
   6    C2       -0.6800       -0.1920        0.0610 
   6    C3        0.6800        0.1920       -0.0610 
   6    C4        1.6630       -0.8070       -0.3570 
   6    C5        1.2940       -2.1190       -0.5200 
   1     H       -2.0820       -1.8530       -0.0180 
   6    C6       -1.6630        0.8070        0.3570 
   6    C7        1.0360        1.5680        0.1140 
   1    H1        2.7040       -0.5040       -0.4490 
   1    H2        2.0350       -2.8840       -0.7460 
   1    H3       -0.3360       -3.5520       -0.5320 
   6    C8       -1.2940        2.1190        0.5200 
   6    C9        0.0740        2.5040        0.3970 
   1    H4       -2.7040        0.5040        0.4490 
   1    H5       -2.0350        2.8840        0.7460 
   1    H6        2.0820        1.8530        0.0180 
   1    H7        0.3360        3.5520        0.5320 

