           1           2   1.4722275787440022     
           2           3   1.3371413275611252     
           1           4  0.10056956773675893     
           3           4   1.3196640388081149     
           4           5   1.4882391617414641     
           1           6   1.4055439399725107     
           5           6   1.3905147712057755     
           3           7   1.1077381926126761     
           7           8   1.3086017893919362     
           8           9   1.4769250027851761     
           9          10   1.3855816888060020     
          10          11   1.3020527369515864     
           7          12   1.3381285761054422     
          11          12   1.3420437693702483     
          11          13   1.1776595990092904     
          13          14   1.0627620021279163     
          14          15   1.3380911775615050     
          15          16   1.4034418690828254     
          16          17   1.4610183658375804     
          17          18   1.3325002567082231     
          14          19   1.3922250958754625     
          18          19   1.3659199928088928     
          18          20   1.1127736153755043     
          20          21   1.1094758481953761     
          21          22   1.1091130249789056     
          22          23   1.2821373520177801     
          23          24   1.5376106108022369     
          24          25   1.3088103880050286     
          25          26   1.3284131178571779     
          22          27   1.2811049331154272     
          26          27   1.5278054311336264     
          25          28   1.0119954354619753     
          28          29  0.94762834501032545     
          29          30   1.0174585634071334     
          30          31   1.0003865896013691     
          31          32  0.92219354730831338     
          32          33  0.96631037519158314     
          32          34  0.93255464842750302     
          29          35   1.0227898723073781     
          34          35  0.99499400346266997     
          20          36  0.13053673533275156     
          21          36   1.5744511961183703     
          15          37   1.0296972974386749     
           1          38  0.97078461549110751     
           2          39  0.96555317661585582     
           4          40  0.95988389238079819     
           6          41  0.96641844661149301     
           8          42  0.96591121248137468     
           9          43  0.96437496408072587     
          13          44  0.93003160484567393     
          16          45  0.96885716734774430     
          17          46  0.96763709179091295     
          19          47  0.95585694072480565     
          20          48  0.93091832628635807     
          23          49  0.96610421651313605     
          24          50  0.96838207061546056     
          26          51  0.97006968824798057     
          27          52  0.95893126051797295     
          28          53  0.96903430285519665     
          28          54  0.96681828410637527     
          30          55  0.94386679197819290     
          30          56  0.95554126416047680     
          31          57  0.96500279926596821     
          31          58  0.96880030329564748     
          32          59  0.91135970504003783     
          33          60  0.97548681082068500     
          33          61  0.97610002221647130     
          33          62  0.97537784659664728     
          34          63  0.96588826389122473     
          34          64  0.96988618274371063     
          35          65  0.95454136168841663     
          35          66  0.96224971064409381     
          37          67  0.95488156412242053     
          37          68  0.98482079611478024     
          37          69  0.97613896005145184     
